assets/raw/frame0159.jpg
(158.56603773584905, 158.44025157232704, 158.29559748427673, 40.06014158072243, 30.116829633073074, 42.85649987624312, 6.3293081439224013, 5.4878802495201251, 6.5464875984181869, 32, 36, 47, 13.725802075247673)
(160.98113207547169, 161.74213836477986, 162.26415094339623, 20.685413474793119, 18.289805146226417, 24.335527327167757, 4.5481219722862667, 4.2766581750505166, 4.9331052418499803, 38, 39, 44, 12.421610027744011)
(165.50943396226415, 165.25157232704402, 165.06918238993711, 15.97294055964378, 11.935406726155117, 14.480228518388055, 3.9966161386407602, 3.4547657990311178, 3.805289544619181, 22, 21, 21, 11.6645562389715)
(164.40880503144655, 164.82389937106919, 164.98742138364778, 24.628320377426991, 32.365821804779969, 47.99472731763754, 4.9626928554391707, 5.6890967477078442, 6.927822696752389, 30, 32, 34, 13.528161857026632)
(179.39622641509433, 179.18867924528303, 178.76100628930817, 10.224394431720961, 15.325309572382114, 24.274272252857724, 3.1975607002402566, 3.914755365585711, 4.9268927584084601, 23, 24, 32, 11.963880049308782)
(169.93710691823898, 169.55345911949686, 169.28301886792454, 8.300904849780375, 6.7183169188291361, 13.2428124470483, 2.8811290928697337, 2.5919716277052758, 3.6390675243870234, 18, 20, 20, 10.726662960009177)
(169.75471698113208, 169.86163522012578, 169.82389937106919, 17.733546281906101, 15.791384834460597, 33.045881486819127, 4.2111217367711067, 3.9738375450514578, 5.7485547302621312, 22, 20, 34, 12.504646036129953)
(157.77358490566039, 157.8176100628931, 157.57861635220127, 14.468481959464837, 12.691062560064339, 20.203396218811125, 3.8037457800784789, 3.5624517624894709, 4.4948188193531369, 23, 22, 30, 11.863643678975011)
(150.35220125786162, 149.99371069182391, 149.73584905660377, 7.9741184346050362, 7.8553885371502243, 19.105558203612777, 2.8238481606851731, 2.8027466059474988, 4.3709905288861899, 19, 20, 24, 11.080031732743775)
(146.82389937106919, 146.66666666666666, 146.39622641509433, 6.073421126037907, 8.4649992820462536, 25.073428603401876, 2.4644311972619377, 2.9094671818128921, 5.0073374764840723, 21, 20, 30, 11.098866323622337)
(150.1572327044025, 150.1069182389937, 150.42138364779873, 15.458380040456344, 7.9948198341773704, 15.635007548969384, 3.9317146438235246, 2.8275112438640044, 3.9541127385254691, 25, 21, 29, 11.303882578190887)
(147.45911949685535, 147.48427672955975, 147.45283018867926, 19.474182625875262, 13.43111427554267, 41.034677607106481, 4.4129562229729018, 3.6648484655634359, 6.4058315312773004, 26, 21, 40, 12.57806720375212)
(153.41509433962264, 153.63522012578616, 153.0503144654088, 1393.3005939688594, 1323.8532487436466, 837.29888355348862, 37.326941931651184, 36.38479419680214, 28.936117285383826, 178, 165, 150, 16.032899684736904)
(137.15094339622641, 137.13836477987422, 137.54088050314465, 1713.2802998955283, 1402.9558043419622, 861.08290179014466, 41.391790247530103, 37.45605163844639, 29.344214110964781, 111, 112, 100, 15.948980154156873)
(134.25157232704402, 134.75471698113208, 134.48427672955975, 1584.5140023783424, 1130.0108928720658, 675.85804033999852, 39.805954358341197, 33.615634649253103, 25.997269863199069, 121, 110, 98, 16.62428920548524)
(147.19496855345912, 146.80503144654088, 147.47798742138366, 1535.8230842961225, 1035.3622137864561, 591.73670679899215, 39.189578771608687, 32.177044826808697, 24.325638877509306, 120, 108, 97, 16.466473978889706)
(159.84905660377359, 160.61635220125785, 161.22012578616352, 771.65713116855795, 462.85510857956723, 217.38665640282318, 27.778717234036527, 21.514067690224628, 14.74403799516344, 80, 77, 66, 15.45668480519783)
(155.56603773584905, 154.40251572327045, 154.01257861635222, 1217.5949628419355, 884.88898306706506, 503.73405347532037, 34.894053402290993, 29.747083606079187, 22.44402043920207, 109, 99, 91, 15.629383314119835)
(162.59748427672955, 162.62264150943398, 163.86163522012578, 574.25234203086006, 417.44013653920382, 234.74128256566377, 23.963562799192861, 20.431351804009537, 15.321268960685462, 92, 83, 71, 17.05785421211969)
(142.76729559748426, 141.82389937106919, 141.32704402515722, 1191.4480729375023, 879.91039532317257, 417.50828726411055, 34.517359008729251, 29.663283623415204, 20.43301953368886, 111, 99, 79, 15.695129929801812)
(128.32704402515722, 128.55974842767296, 127.87421383647799, 1592.4393476139119, 1173.3125377274464, 590.07869076676161, 39.905379933210909, 34.253649991314013, 24.291535372774639, 116, 109, 92, 14.879116872796434)
(121.64779874213836, 121.28930817610063, 120.66666666666667, 1906.1119452667015, 1526.288360113909, 810.59704192937886, 43.659041964599972, 39.067740657912495, 28.470985966934457, 129, 118, 101, 14.766358546434864)
(128.0817610062893, 128.57861635220127, 128.34591194968553, 1089.127015957582, 869.55894146377295, 487.53890339511611, 33.001924428093311, 29.488284817258752, 22.080283136660999, 125, 130, 109, 14.20426468446903)
(154.01886792452831, 153.8930817610063, 153.88679245283018, 62.522806150854514, 67.503199868297045, 78.861469661989105, 7.9071364064909435, 8.2160330980526748, 8.8803980576317141, 73, 74, 82, 14.311114442287721)
[0, 0, 0, 0, 0, 0, 0, 0, 0, 0, 0, 0]
[0, 0, 0, 0, 0, 0, 0, 0, 0, 0, 0, 0]
metale reversa
0
