assets/raw/frame0000.jpg
(119.94339622641509, 119.84276729559748, 119.39622641509433, 124.36870756041372, 25.044722368636073, 73.040580162349571, 11.152071895410902, 5.0044702385603284, 8.5463781897567337, 56, 29, 48, 13.757503803330014)
(100.59748427672956, 100.20125786163523, 99.861635220125791, 285.82923702623765, 33.537918664274009, 47.580579181421342, 16.906485058291615, 5.7911931986658853, 6.8978677271618754, 60, 32, 34, 14.495923596910195)
(95.930817610062888, 95.905660377358487, 96.144654088050316, 191.52666383709601, 25.90403652198134, 38.167811062468651, 13.839315873159917, 5.0896008214771955, 6.1780102834544275, 57, 32, 34, 13.725066069089014)
(99.144654088050316, 99.433962264150949, 99.440251572327043, 60.644357422570124, 53.85670582059366, 47.227651901069073, 7.7874487107505317, 7.3387128176945078, 6.8722377651729332, 38, 37, 40, 14.470585155641501)
(107.12578616352201, 106.9874213836478, 106.62264150943396, 85.08218725829316, 127.87967045355063, 248.36155539820504, 9.2240006102717249, 11.308389383707594, 15.759490962534452, 47, 63, 84, 16.408591350686812)
(131.44654088050314, 132.63522012578616, 133.35849056603774, 171.57743590029588, 302.71480027643497, 511.42847539966465, 13.098757036463265, 17.398701108888414, 22.614784442918413, 61, 74, 86, 17.82965802613267)
(144.58490566037736, 144.09433962264151, 143.52201257861634, 110.86490772869193, 202.50895350993281, 352.57667663099323, 10.529240605508638, 14.230564061551911, 18.77702523380616, 53, 66, 89, 17.159173663774506)
(119.99371069182389, 119.13207547169812, 118.23899371069183, 52.692143862966105, 89.671499367401452, 164.71290482798156, 7.2589354497037721, 9.469503649474003, 12.834052548902141, 34, 45, 69, 15.228659107408347)
(91.182389937106919, 91.100628930817606, 90.968553459119491, 20.73467941941658, 11.674820837918558, 12.142279285635249, 4.5535348268588631, 3.4168436952717864, 3.4845773467718075, 29, 28, 23, 11.73167154352643)
(87.924528301886795, 88.138364779874209, 87.899371069182394, 26.987030321725914, 16.601172729520808, 10.978090689274834, 5.194904264924034, 4.0744536725211162, 3.3133201911790588, 29, 22, 20, 12.196026219782757)
(82.981132075471692, 82.855345911949684, 82.672955974842765, 14.277850488455684, 11.446433747194883, 10.243658656550902, 3.7786043042975117, 3.3832578599915912, 3.2005716140325471, 28, 24, 25, 11.207193891785057)
(81.062893081761004, 81.169811320754718, 81.088050314465406, 16.469580244854377, 10.728325941092651, 11.748047805957727, 4.0582730618890563, 3.2754123314618955, 3.4275425316044914, 26, 22, 22, 11.446492116386594)
(105.37735849056604, 105.19496855345912, 105.30817610062893, 353.69559751807299, 307.34094461415145, 91.664694965997654, 18.806796577782006, 17.531142136613674, 9.5741681083004622, 132, 116, 93, 15.27947585704072)
(92.245283018867923, 92.540880503144649, 92.490566037735846, 528.03480421535903, 360.31194346707213, 153.72064947624855, 22.979007903200674, 18.981884613153461, 12.398413183800924, 67, 64, 46, 15.59631479089252)
(82.182389937106919, 81.477987421383645, 81.742138364779876, 551.33283864443786, 335.24176891117287, 116.1427132262274, 23.480477819764186, 18.309608649863954, 10.776952872970513, 80, 66, 47, 15.363840938700836)
(75.515723270440247, 75.314465408805034, 75.226415094339629, 813.20245622541711, 492.38018163910846, 194.09162457903446, 28.516704862683856, 22.189641313890327, 13.931677019620949, 77, 65, 47, 13.690653302894736)
(73.534591194968556, 73.534591194968556, 73.440251572327043, 936.33036667853946, 597.54285549892359, 293.42225626042153, 30.59951579156996, 24.444689719833296, 17.12957256502396, 100, 85, 75, 16.381727483904967)
(87.484276729559753, 88.138364779874209, 88.811320754716988, 756.48559016871161, 525.87985295193516, 308.16028832716216, 27.504283124064724, 22.932070402646492, 17.554494818341034, 103, 88, 69, 17.583565036040685)
(102.10062893081761, 101.82389937106919, 100.84905660377359, 626.96441826550063, 405.16799115288563, 228.98437040783708, 25.039257542217594, 20.12878513852452, 15.132229525348771, 75, 66, 57, 15.868952087756101)
(92.515723270440247, 92.767295597484278, 92.987421383647799, 262.53905256219406, 177.75931277193308, 87.387178550966283, 16.203056889432748, 13.332640877633098, 9.3481109616310327, 63, 58, 52, 16.052204163426627)
(73.383647798742132, 73.59748427672956, 73.509433962264154, 420.57772320850876, 286.46137212674597, 76.032485218581627, 20.507991691253164, 16.925169781327039, 8.7196608430937061, 66, 58, 39, 14.200407178160365)
(69.698113207547166, 69.779874213836479, 69.64150943396227, 530.82511725204154, 353.63999938660322, 94.540250207813443, 23.039642298699899, 18.805318380357278, 9.7231810745153489, 83, 57, 38, 14.126586329596728)
(67.84905660377359, 67.779874213836479, 67.452830188679243, 418.75225046483263, 286.43607759780429, 65.200068031340621, 20.463436917214874, 16.92442251888685, 8.0746559079220592, 84, 83, 51, 13.325195522004401)
(79.220125786163521, 78.949685534591197, 78.95597484276729, 15.715263239338698, 8.0975423424757107, 8.2298805358000422, 3.9642481303948038, 2.8456180949796672, 2.8687768361794967, 34, 20, 18, 10.840257064350778)
[1, 1, 1, 1, 1, 1, 1, 1, 1, 1, 1, 1]
[1, 1, 1, 1, 1, 1, 1, 1, 1, 1, 1, 1]
moverse alante
0
