assets/raw/frame0001.jpg
(93.276729559748432, 93.220125786163521, 93.415094339622641, 43.933547777378315, 33.965312380829097, 26.802360464463337, 6.6282386632783759, 5.8279766970046385, 5.1770996189433456, 29, 26, 27, 13.337960625136324)
(104.18867924528301, 104.52201257861635, 104.61635220125787, 91.872702310543517, 68.128620802711922, 42.923243335862495, 9.5850248987962221, 8.2540063485989599, 6.5515832693985123, 44, 36, 36, 14.786479725186332)
(122.86163522012579, 122.72955974842768, 122.87421383647799, 46.572101497994957, 45.962379733250884, 42.026845765169703, 6.8243755390508047, 6.7795560129886736, 6.4828115632933292, 37, 39, 31, 14.024221716468938)
(124.21383647798743, 125.0503144654088, 125.35220125786164, 20.923414174624064, 58.43429494349045, 199.93956768921899, 4.5742118637667044, 7.6442327897239268, 14.1399988574688, 36, 39, 65, 14.348696296809432)
(136.37735849056602, 135.79245283018867, 135.16981132075472, 32.341593877482588, 75.284778203001494, 172.67728748095249, 5.6869670192012354, 8.676680137183892, 13.140673022374177, 34, 46, 65, 14.792853525112136)
(111.91823899371069, 111.937106918239, 111.91823899371069, 9.6570059543898807, 7.1567728253828999, 8.2400821952426124, 3.1075723570642535, 2.6752145381974319, 2.8705543358805476, 20, 17, 20, 10.534007669454851)
(111.0125786163522, 111.03144654088051, 111.38364779874213, 53.499821113567009, 105.28516778634939, 190.60846658143848, 7.3143571907288623, 10.260856094222811, 13.806102512347158, 37, 50, 66, 15.60940323128268)
(135.83018867924528, 135.88050314465409, 135.59748427672955, 137.39250015303298, 131.96464879644248, 273.35176144521211, 11.721454694406876, 11.48758672639482, 16.533353000683562, 52, 52, 68, 16.58894594560547)
(120.28301886792453, 120.11320754716981, 120.11320754716981, 10.002448012991987, 15.188953373057952, 20.929949390918235, 3.1626647013226026, 3.8973007804194371, 4.5749261623460367, 17, 19, 24, 11.742780700338107)
(110.72327044025157, 110.53459119496856, 110.19496855345912, 7.5870751098698666, 5.0268306837059864, 6.2294590152361966, 2.754464577711949, 2.2420594737218695, 2.495888422032563, 18, 14, 18, 9.860334269897278)
(107.08805031446541, 106.96855345911949, 107.09433962264151, 9.1359345520249224, 9.2258375630078433, 15.502775559563437, 3.0225708514483034, 3.0374063875299671, 3.9373564176441325, 16, 16, 24, 11.096610254369017)
(113.83647798742139, 114.23899371069183, 114.33333333333333, 32.503476530771671, 79.496838785874672, 170.90454663029939, 5.7011820292612718, 8.9160999762157598, 13.073046570340802, 28, 40, 60, 15.110323022025343)
(99.308176100628927, 99.339622641509436, 99.509433962264154, 198.57386159348263, 156.87254883447494, 42.85703469788475, 14.091623809677955, 12.524877198379031, 6.5465284462747695, 135, 120, 96, 14.783282142826538)
(103.53459119496856, 102.9496855345912, 102.77987421383648, 614.1029630513018, 423.53712657060919, 149.13230942448175, 24.781100924924658, 20.580017652339592, 12.211974018334699, 75, 67, 46, 15.891662200310234)
(109.35220125786164, 109.36477987421384, 109.35849056603773, 588.28003539961571, 384.35913526691115, 126.03385801195041, 24.254484851252062, 19.605079323147642, 11.226480214740077, 75, 59, 41, 14.875101051019975)
(115.11949685534591, 115.21383647798743, 114.74213836477988, 355.58791029342945, 224.80492634099335, 120.50400349484372, 18.857038746670419, 14.993496134690981, 10.977431552728703, 61, 51, 50, 14.65746073240905)
(108.23270440251572, 108.22641509433963, 107.71698113207547, 1063.7408657342985, 603.88046305415503, 274.69851939317749, 32.61504048340732, 24.573979389878129, 16.574031476776479, 99, 82, 64, 16.555450081984052)
(90.867924528301884, 90.383647798742132, 90.182389937106919, 1318.160224199263, 725.43020862733772, 265.6953265586726, 36.306476339618293, 26.93381162456101, 16.300163390551415, 102, 90, 54, 14.37655867986233)
(92.345911949685529, 92.710691823899367, 92.729559748427675, 899.71773938749641, 613.53598519531306, 213.86567891108172, 29.995295287552953, 24.769658560329674, 14.624147117390528, 93, 83, 60, 16.72583926425389)
(101.71069182389937, 102.04402515723271, 102.86163522012579, 426.80270771832585, 491.63754326256634, 130.43386708617646, 20.659203946868956, 22.172901101627779, 11.420764732984235, 74, 69, 42, 15.713220208763246)
(108.15094339622641, 107.93081761006289, 107.81761006289308, 619.47419758060619, 401.35122586316271, 146.00662342384493, 24.88923858981239, 20.033752166360717, 12.083320049715017, 88, 78, 62, 16.3510335243554)
(91.698113207547166, 91.666666666666671, 91.490566037735846, 699.5978911805247, 459.58289843166619, 163.03947072428087, 26.449912876615013, 21.437884653847409, 12.768691034099026, 84, 67, 55, 14.86838828374019)
(89.880503144654085, 90.452830188679243, 90.685534591194966, 655.3386720023949, 466.69165162428101, 180.14118176065472, 25.599583434157573, 21.603047276351571, 13.421668367258025, 105, 102, 73, 14.570108148035642)
(106.0503144654088, 106.18867924528301, 106.37735849056604, 20.978502071039721, 27.585411332971784, 40.555063499931315, 4.580229477989036, 5.2521815784464065, 6.3682857583443377, 28, 29, 37, 13.145331137987759)
[1, 1, 1, 1, 1, 1, 1, 1, 1, 1, 1, 1]
[1, 1, 1, 1, 1, 1, 1, 1, 1, 1, 1, 1]
moverse alante
0
